$ANSIBLE_VAULT;1.1;AES256
34643538616363323264616363366331653966303037396266616330366333646536643565663366
3536353163346439666463396361346339343863363261310a663639333064386338353662326136
62633434666238616534383263646238323634666232373534396165323939303032386135633532
3166303931323366630a633530363932393666313562313032303162666165663163373361613937
65333763346132623165316661363930646466666330666537313030353130393931633232653736
33623563306535353738643630393235333564383466396237383163313365643133633034313430
63386461663838396665346536666237636366373264636638373265363733376438653261333438
62353839613730306430383536326633653739643934346361393561336464666636653035326631
32613366326431656464626532373862313938646630616130336533396431666631336563653465
38616131333261383461373466613962363738623664666664396634383831326265663132623365
353037653337336334333638623832346334
